-3.000000	-1.412154	1.000000	
-2.994135	-1.706008	1.000000	
-2.988270	-1.562821	1.000000	
-2.982405	-1.662251	1.000000	
-2.976540	-1.567946	1.000000	
-2.970674	-1.377492	1.000000	
-2.964809	-1.597227	1.000000	
-2.958944	-1.661214	1.000000	
-2.953079	-1.441792	1.000000	
-2.947214	-1.575031	1.000000	
-2.941349	-1.590804	1.000000	
-2.935484	-1.547318	1.000000	
-2.929619	-1.692118	1.000000	
-2.923754	-1.690119	1.000000	
-2.917889	-1.659824	1.000000	
-2.912023	-1.621422	1.000000	
-2.906158	-1.468374	1.000000	
-2.900293	-1.421708	1.000000	
-2.894428	-1.393417	1.000000	
-2.888563	-1.527945	1.000000	
-2.882698	-1.473851	1.000000	
-2.876833	-1.533729	1.000000	
-2.870968	-1.676235	1.000000	
-2.865103	-1.613911	1.000000	
-2.859238	-1.769220	1.000000	
-2.853372	-1.756252	1.000000	
-2.847507	-1.502692	1.000000	
-2.841642	-1.542427	1.000000	
-2.835777	-1.440709	1.000000	
-2.829912	-1.525455	1.000000	
-2.824047	-1.406515	1.000000	
-2.818182	-1.526009	1.000000	
-2.812317	-1.289087	1.000000	
-2.806452	-1.447335	1.000000	
-2.800587	-1.614168	1.000000	
-2.794721	-1.660036	1.000000	
-2.788856	-1.503306	1.000000	
-2.782991	-1.471439	1.000000	
-2.777126	-1.516695	1.000000	
-2.771261	-1.675344	1.000000	
-2.765396	-1.558514	1.000000	
-2.759531	-1.499185	1.000000	
-2.753666	-1.492695	1.000000	
-2.747801	-1.611679	1.000000	
-2.741935	-1.605358	1.000000	
-2.736070	-1.514875	1.000000	
-2.730205	-1.557017	1.000000	
-2.724340	-1.669700	1.000000	
-2.718475	-1.447159	1.000000	
-2.712610	-1.334134	1.000000	
-2.706745	-1.329504	1.000000	
-2.700880	-1.496391	1.000000	
-2.695015	-1.602270	1.000000	
-2.689150	-1.500902	1.000000	
-2.683284	-1.707290	1.000000	
-2.677419	-1.574749	1.000000	
-2.671554	-1.531413	1.000000	
-2.665689	-1.429031	1.000000	
-2.659824	-1.607895	1.000000	
-2.653959	-1.403477	1.000000	
-2.648094	-1.678830	1.000000	
-2.642229	-1.724847	1.000000	
-2.636364	-1.658390	1.000000	
-2.630499	-1.476070	1.000000	
-2.624633	-1.542906	1.000000	
-2.618768	-1.549937	1.000000	
-2.612903	-1.545720	1.000000	
-2.607038	-1.538241	1.000000	
-2.601173	-1.397034	1.000000	
-2.595308	-1.702148	1.000000	
-2.589443	-1.573014	1.000000	
-2.583578	-1.610269	1.000000	
-2.577713	-1.590777	1.000000	
-2.571848	-1.493631	1.000000	
-2.565982	-1.572552	1.000000	
-2.560117	-1.586706	1.000000	
-2.554252	-1.737921	1.000000	
-2.548387	-1.438296	1.000000	
-2.542522	-1.456623	1.000000	
-2.536657	-1.453695	1.000000	
-2.530792	-1.349513	1.000000	
-2.524927	-1.593257	1.000000	
-2.519062	-1.533437	1.000000	
-2.513196	-1.368072	1.000000	
-2.507331	-1.455889	1.000000	
-2.501466	-1.552812	1.000000	
-2.495601	-1.685131	1.000000	
-2.489736	-1.514041	1.000000	
-2.483871	-1.586837	1.000000	
-2.478006	-1.519763	1.000000	
-2.472141	-1.551815	1.000000	
-2.466276	-1.438126	1.000000	
-2.460411	-1.491368	1.000000	
-2.454545	-1.482065	1.000000	
-2.448680	-1.777267	1.000000	
-2.442815	-1.610167	1.000000	
-2.436950	-1.608805	1.000000	
-2.431085	-1.585801	1.000000	
-2.425220	-1.485582	1.000000	
-2.419355	-1.538223	1.000000	
-2.413490	-1.550560	1.000000	
-2.407625	-1.400775	1.000000	
-2.401760	-1.536984	1.000000	
-2.395894	-1.452114	1.000000	
-2.390029	-1.598674	1.000000	
-2.384164	-1.373410	1.000000	
-2.378299	-1.528612	1.000000	
-2.372434	-1.485145	1.000000	
-2.366569	-1.425481	1.000000	
-2.360704	-1.432303	1.000000	
-2.354839	-1.503340	1.000000	
-2.348974	-1.558682	1.000000	
-2.343109	-1.481733	1.000000	
-2.337243	-1.444721	1.000000	
-2.331378	-1.597431	1.000000	
-2.325513	-1.414503	1.000000	
-2.319648	-1.494553	1.000000	
-2.313783	-1.708081	1.000000	
-2.307918	-1.476462	1.000000	
-2.302053	-1.494791	1.000000	
-2.296188	-1.574333	1.000000	
-2.290323	-1.524032	1.000000	
-2.284457	-1.675472	1.000000	
-2.278592	-1.428692	1.000000	
-2.272727	-1.509928	1.000000	
-2.266862	-1.663889	1.000000	
-2.260997	-1.607090	1.000000	
-2.255132	-1.584840	1.000000	
-2.249267	-1.724648	1.000000	
-2.243402	-1.500979	1.000000	
-2.237537	-1.577085	1.000000	
-2.231672	-1.462131	1.000000	
-2.225806	-1.481741	1.000000	
-2.219941	-1.371426	1.000000	
-2.214076	-1.531866	1.000000	
-2.208211	-1.443865	1.000000	
-2.202346	-1.478668	1.000000	
-2.196481	-1.462598	1.000000	
-2.190616	-1.615604	1.000000	
-2.184751	-1.423265	1.000000	
-2.178886	-1.506864	1.000000	
-2.173021	-1.526096	1.000000	
-2.167155	-1.451852	1.000000	
-2.161290	-1.410985	1.000000	
-2.155425	-1.628091	1.000000	
-2.149560	-1.303846	1.000000	
-2.143695	-1.608869	1.000000	
-2.137830	-1.477617	1.000000	
-2.131965	-1.457195	0.000000	
-2.126100	-1.628840	0.000000	
-2.120235	-1.659099	0.000000	
-2.114370	-1.436779	0.000000	
-2.108504	-1.653840	0.000000	
-2.102639	-1.457643	0.000000	
-2.096774	-1.634415	0.000000	
-2.090909	-1.673988	0.000000	
-2.085044	-1.357258	0.000000	
-2.079179	-1.630352	0.000000	
-2.073314	-1.425545	0.000000	
-2.067449	-1.440516	0.000000	
-2.061584	-1.522276	0.000000	
-2.055718	-1.631121	0.000000	
-2.049853	-1.405003	0.000000	
-2.043988	-1.654435	0.000000	
-2.038123	-1.600687	0.000000	
-2.032258	-1.561089	0.000000	
-2.026393	-1.528716	0.000000	
-2.020528	-1.475703	0.000000	
-2.014663	-1.473072	0.000000	
-2.008798	-1.612838	0.000000	
-2.002933	-1.448958	0.000000	
-1.997067	-1.517545	0.000000	
-1.991202	-1.346687	0.000000	
-1.985337	-1.335597	0.000000	
-1.979472	-1.432294	0.000000	
-1.973607	-1.536091	0.000000	
-1.967742	-1.517550	0.000000	
-1.961877	-1.573334	0.000000	
-1.956012	-1.529898	0.000000	
-1.950147	-1.484578	0.000000	
-1.944282	-1.495423	0.000000	
-1.938416	-1.499833	0.000000	
-1.932551	-1.468472	0.000000	
-1.926686	-1.335105	0.000000	
-1.920821	-1.572338	0.000000	
-1.914956	-1.567440	0.000000	
-1.909091	-1.571015	0.000000	
-1.903226	-1.563197	0.000000	
-1.897361	-1.570104	0.000000	
-1.891496	-1.749135	0.000000	
-1.885630	-1.517148	0.000000	
-1.879765	-1.372865	0.000000	
-1.873900	-1.617418	0.000000	
-1.868035	-1.350272	0.000000	
-1.862170	-1.463052	0.000000	
-1.856305	-1.484934	0.000000	
-1.850440	-1.472067	0.000000	
-1.844575	-1.616432	0.000000	
-1.838710	-1.668206	0.000000	
-1.832845	-1.606358	0.000000	
-1.826979	-1.547780	1.000000	
-1.821114	-1.570182	1.000000	
-1.815249	-1.618882	1.000000	
-1.809384	-1.413104	1.000000	
-1.803519	-1.527140	1.000000	
-1.797654	-1.818534	1.000000	
-1.791789	-1.558945	1.000000	
-1.785924	-1.532608	1.000000	
-1.780059	-1.604917	1.000000	
-1.774194	-1.590871	1.000000	
-1.768328	-1.490016	1.000000	
-1.762463	-1.555028	1.000000	
-1.756598	-1.521452	1.000000	
-1.750733	-1.581700	1.000000	
-1.744868	-1.557867	1.000000	
-1.739003	-1.486740	1.000000	
-1.733138	-1.485525	1.000000	
-1.727273	-1.563959	1.000000	
-1.721408	-1.417428	1.000000	
-1.715543	-1.745939	1.000000	
-1.709677	-1.568181	1.000000	
-1.703812	-1.521446	1.000000	
-1.697947	-1.596700	1.000000	
-1.692082	-1.257391	1.000000	
-1.686217	-1.528204	1.000000	
-1.680352	-1.495676	1.000000	
-1.674487	-1.646474	1.000000	
-1.668622	-1.596358	1.000000	
-1.662757	-1.572820	1.000000	
-1.656891	-1.376517	1.000000	
-1.651026	-1.470134	1.000000	
-1.645161	-1.511725	1.000000	
-1.639296	-1.649466	1.000000	
-1.633431	-1.753853	1.000000	
-1.627566	-1.546020	1.000000	
-1.621701	-1.439392	1.000000	
-1.615836	-1.596906	1.000000	
-1.609971	-1.544361	1.000000	
-1.604106	-1.426879	1.000000	
-1.598240	-1.613389	1.000000	
-1.592375	-1.435437	1.000000	
-1.586510	-1.580070	1.000000	
-1.580645	-1.481644	1.000000	
-1.574780	-1.627567	1.000000	
-1.568915	-1.490453	1.000000	
-1.563050	-1.658103	1.000000	
-1.557185	-1.442051	1.000000	
-1.551320	-1.549730	1.000000	
-1.545455	-1.432326	1.000000	
-1.539589	-1.261438	1.000000	
-1.533724	-1.572991	1.000000	
-1.527859	-1.499859	1.000000	
-1.521994	-1.570008	1.000000	
-1.516129	-1.578014	1.000000	
-1.510264	-1.402997	1.000000	
-1.504399	-1.531433	1.000000	
-1.498534	-1.467855	1.000000	
-1.492669	-1.481253	1.000000	
-1.486804	-1.437956	1.000000	
-1.480938	-1.574904	1.000000	
-1.475073	-1.551606	1.000000	
-1.469208	-1.505018	1.000000	
-1.463343	-1.516404	1.000000	
-1.457478	-1.482762	1.000000	
-1.451613	-1.603904	1.000000	
-1.445748	-1.621940	1.000000	
-1.439883	-1.363567	1.000000	
-1.434018	-1.557225	1.000000	
-1.428152	-1.384157	1.000000	
-1.422287	-1.614925	1.000000	
-1.416422	-1.544275	1.000000	
-1.410557	-1.494079	1.000000	
-1.404692	-1.538574	1.000000	
-1.398827	-1.531397	1.000000	
-1.392962	-1.666762	1.000000	
-1.387097	-1.633784	1.000000	
-1.381232	-1.274135	1.000000	
-1.375367	-1.488977	1.000000	
-1.369501	-1.584791	1.000000	
-1.363636	-1.487260	1.000000	
-1.357771	-1.510992	1.000000	
-1.351906	-1.536672	1.000000	
-1.346041	-1.533335	1.000000	
-1.340176	-1.545327	1.000000	
-1.334311	-1.562864	1.000000	
-1.328446	-1.532891	1.000000	
-1.322581	-1.666064	1.000000	
-1.316716	-1.467923	1.000000	
-1.310850	-1.364372	1.000000	
-1.304985	-1.443534	1.000000	
-1.299120	-1.406987	1.000000	
-1.293255	-1.659412	1.000000	
-1.287390	-1.456324	1.000000	
-1.281525	-1.577340	1.000000	
-1.275660	-1.470547	1.000000	
-1.269795	-1.681180	1.000000	
-1.263930	-1.490336	1.000000	
-1.258065	-1.655306	1.000000	
-1.252199	-1.656603	1.000000	
-1.246334	-1.542608	1.000000	
-1.240469	-1.502636	1.000000	
-1.234604	-1.579238	1.000000	
-1.228739	-1.474299	1.000000	
-1.222874	-1.492192	1.000000	
-1.217009	-1.413689	1.000000	
-1.211144	-1.539594	1.000000	
-1.205279	-1.519285	1.000000	
-1.199413	-1.400368	1.000000	
-1.193548	-1.609324	1.000000	
-1.187683	-1.544213	1.000000	
-1.181818	-1.534280	1.000000	
-1.175953	-1.539326	1.000000	
-1.170088	-1.751876	1.000000	
-1.164223	-1.448695	1.000000	
-1.158358	-1.588061	1.000000	
-1.152493	-1.747802	1.000000	
-1.146628	-1.476171	1.000000	
-1.140762	-1.259706	1.000000	
-1.134897	-1.230082	1.000000	
-1.129032	-1.721514	1.000000	
-1.123167	-1.543639	1.000000	
-1.117302	-1.524242	1.000000	
-1.111437	-1.471378	1.000000	
-1.105572	-1.302162	1.000000	
-1.099707	-1.365757	1.000000	
-1.093842	-1.549253	1.000000	
-1.087977	-1.435549	1.000000	
-1.082111	-1.460204	1.000000	
-1.076246	-1.578197	1.000000	
-1.070381	-1.450429	1.000000	
-1.064516	-1.623618	1.000000	
-1.058651	-1.502031	1.000000	
-1.052786	-1.435262	1.000000	
-1.046921	-1.384288	1.000000	
-1.041056	-1.564941	1.000000	
-1.035191	-1.401770	1.000000	
-1.029326	-1.406749	1.000000	
-1.023460	-1.408947	1.000000	
-1.017595	-1.323154	1.000000	
-1.011730	-1.577845	1.000000	
-1.005865	-1.683992	1.000000	
-1.000000	-1.385342	1.000000	
-0.994135	-1.529692	1.000000	
-0.988270	-1.617820	1.000000	
-0.982405	-1.362760	1.000000	
-0.976540	-1.506062	1.000000	
-0.970674	-1.533567	1.000000	
-0.964809	-1.550995	1.000000	
-0.958944	-1.498390	1.000000	
-0.953079	-1.487257	1.000000	
-0.947214	-1.537366	1.000000	
-0.941349	-1.619730	1.000000	
-0.935484	-1.447554	1.000000	
-0.929619	-1.555984	1.000000	
-0.923754	-1.594089	1.000000	
-0.917889	-1.549260	1.000000	
-0.912023	-1.428411	1.000000	
-0.906158	-1.439178	1.000000	
-0.900293	-1.362991	1.000000	
-0.894428	-1.738799	1.000000	
-0.888563	-1.362897	1.000000	
-0.882698	-1.369451	1.000000	
-0.876833	-1.547714	1.000000	
-0.870968	-1.562791	1.000000	
-0.865103	-1.679172	1.000000	
-0.859238	-1.345298	1.000000	
-0.853372	-1.398219	1.000000	
-0.847507	-1.463260	1.000000	
-0.841642	-1.487896	1.000000	
-0.835777	-1.399260	1.000000	
-0.829912	-1.590906	1.000000	
-0.824047	-1.612955	1.000000	
-0.818182	-1.428133	1.000000	
-0.812317	-1.487410	1.000000	
-0.806452	-1.418561	1.000000	
-0.800587	-1.308953	1.000000	
-0.794721	-1.543564	1.000000	
-0.788856	-1.396393	1.000000	
-0.782991	-1.565717	1.000000	
-0.777126	-1.423125	1.000000	
-0.771261	-1.496262	1.000000	
-0.765396	-1.462774	1.000000	
-0.759531	-1.452769	1.000000	
-0.753666	-1.532734	1.000000	
-0.747801	-1.164205	1.000000	
-0.741935	-1.385803	1.000000	
-0.736070	-1.488283	1.000000	
-0.730205	-1.406547	1.000000	
-0.724340	-1.567286	1.000000	
-0.718475	-1.390790	1.000000	
-0.712610	-1.377475	1.000000	
-0.706745	-1.480810	1.000000	
-0.700880	-1.568506	1.000000	
-0.695015	-1.366840	1.000000	
-0.689150	-1.482191	1.000000	
-0.683284	-1.149526	1.000000	
-0.677419	-1.381017	1.000000	
-0.671554	-1.613034	1.000000	
-0.665689	-1.410391	1.000000	
-0.659824	-1.609692	1.000000	
-0.653959	-1.316753	1.000000	
-0.648094	-1.476619	1.000000	
-0.642229	-1.389097	1.000000	
-0.636364	-1.368205	1.000000	
-0.630499	-1.434716	1.000000	
-0.624633	-1.249284	1.000000	
-0.618768	-1.457492	1.000000	
-0.612903	-1.447680	1.000000	
-0.607038	-1.340851	1.000000	
-0.601173	-1.413146	1.000000	
-0.595308	-1.521310	1.000000	
-0.589443	-1.381002	1.000000	
-0.583578	-1.435576	1.000000	
-0.577713	-1.352092	1.000000	
-0.571848	-1.421107	1.000000	
-0.565982	-1.627887	1.000000	
-0.560117	-1.255042	1.000000	
-0.554252	-1.608788	1.000000	
-0.548387	-1.289106	1.000000	
-0.542522	-1.496050	1.000000	
-0.536657	-1.278819	1.000000	
-0.530792	-1.420172	1.000000	
-0.524927	-1.377433	1.000000	
-0.519062	-1.163547	1.000000	
-0.513196	-1.516870	1.000000	
-0.507331	-1.410923	1.000000	
-0.501466	-1.436737	1.000000	
-0.495601	-1.234019	1.000000	
-0.489736	-1.306266	1.000000	
-0.483871	-1.435579	1.000000	
-0.478006	-1.448977	1.000000	
-0.472141	-1.443371	1.000000	
-0.466276	-1.370614	1.000000	
-0.460411	-1.383083	1.000000	
-0.454545	-1.323634	1.000000	
-0.448680	-1.288709	1.000000	
-0.442815	-1.299664	1.000000	
-0.436950	-1.348214	1.000000	
-0.431085	-1.305518	1.000000	
-0.425220	-1.520242	1.000000	
-0.419355	-1.383862	1.000000	
-0.413490	-1.373531	1.000000	
-0.407625	-1.386859	1.000000	
-0.401760	-1.378848	1.000000	
-0.395894	-1.445758	1.000000	
-0.390029	-1.383584	1.000000	
-0.384164	-1.385367	1.000000	
-0.378299	-1.339202	1.000000	
-0.372434	-1.568843	1.000000	
-0.366569	-1.349572	1.000000	
-0.360704	-1.431349	1.000000	
-0.354839	-1.331169	1.000000	
-0.348974	-1.366520	1.000000	
-0.343109	-1.377567	1.000000	
-0.337243	-1.541971	1.000000	
-0.331378	-1.172088	1.000000	
-0.325513	-1.319264	1.000000	
-0.319648	-1.366214	1.000000	
-0.313783	-1.401648	1.000000	
-0.307918	-1.231148	1.000000	
-0.302053	-1.240522	1.000000	
-0.296188	-1.395918	1.000000	
-0.290323	-1.273631	1.000000	
-0.284457	-1.226327	1.000000	
-0.278592	-1.218294	1.000000	
-0.272727	-1.147543	1.000000	
-0.266862	-1.231941	1.000000	
-0.260997	-1.250544	1.000000	
-0.255132	-1.138116	1.000000	
-0.249267	-1.194357	1.000000	
-0.243402	-1.283386	1.000000	
-0.237537	-1.093183	1.000000	
-0.231672	-1.303003	1.000000	
-0.225806	-1.101294	1.000000	
-0.219941	-1.299856	1.000000	
-0.214076	-1.219789	1.000000	
-0.208211	-1.088816	1.000000	
-0.202346	-1.319003	1.000000	
-0.196481	-1.103540	1.000000	
-0.190616	-1.020375	1.000000	
-0.184751	-1.078780	1.000000	
-0.178886	-1.041261	1.000000	
-0.173021	-1.125992	1.000000	
-0.167155	-1.055703	1.000000	
-0.161290	-1.040640	1.000000	
-0.155425	-1.054274	1.000000	
-0.149560	-0.965180	1.000000	
-0.143695	-0.987722	1.000000	
-0.137830	-1.126594	1.000000	
-0.131965	-1.148257	1.000000	
-0.126100	-1.130887	1.000000	
-0.120235	-0.971408	1.000000	
-0.114370	-0.856227	1.000000	
-0.108504	-0.922965	1.000000	
-0.102639	-0.973611	1.000000	
-0.096774	-0.996826	1.000000	
-0.090909	-0.833262	0.000000	
-0.085044	-0.919672	0.000000	
-0.079179	-0.994783	0.000000	
-0.073314	-0.743731	0.000000	
-0.067449	-0.690557	0.000000	
-0.061584	-0.484313	0.000000	
-0.055718	-0.795193	0.000000	
-0.049853	-0.611975	0.000000	
-0.043988	-0.501295	0.000000	
-0.038123	-0.482616	0.000000	
-0.032258	-0.317640	0.000000	
-0.026393	-0.213289	0.000000	
-0.020528	-0.242404	0.000000	
-0.014663	-0.045318	0.000000	
-0.008798	-0.086983	0.000000	
-0.002933	-0.017647	0.000000	
0.002933	0.020113	0.000000	
0.008798	-0.143693	0.000000	
0.014663	0.182515	0.000000	
0.020528	0.458294	0.000000	
0.026393	0.375815	0.000000	
0.032258	0.416383	0.000000	
0.038123	0.459904	0.000000	
0.043988	0.531392	0.000000	
0.049853	0.587813	0.000000	
0.055718	0.686653	0.000000	
0.061584	0.663291	0.000000	
0.067449	0.654052	0.000000	
0.073314	0.785095	0.000000	
0.079179	0.968555	0.000000	
0.085044	0.770293	0.000000	
0.090909	0.877332	1.000000	
0.096774	0.870508	1.000000	
0.102639	0.778232	1.000000	
0.108504	0.924670	1.000000	
0.114370	0.845886	1.000000	
0.120235	1.030868	1.000000	
0.126100	1.148080	1.000000	
0.131965	1.119589	1.000000	
0.137830	0.951767	1.000000	
0.143695	1.003770	1.000000	
0.149560	1.007233	1.000000	
0.155425	1.109526	1.000000	
0.161290	1.078123	1.000000	
0.167155	1.171423	1.000000	
0.173021	1.020929	1.000000	
0.178886	1.118730	1.000000	
0.184751	1.176392	1.000000	
0.190616	1.134360	1.000000	
0.196481	1.096680	1.000000	
0.202346	1.195317	1.000000	
0.208211	1.153046	1.000000	
0.214076	1.334887	1.000000	
0.219941	1.204259	0.000000	
0.225806	1.374051	0.000000	
0.231672	1.311660	0.000000	
0.237537	1.267832	0.000000	
0.243402	1.181340	0.000000	
0.249267	1.145400	0.000000	
0.255132	1.472884	0.000000	
0.260997	1.360909	0.000000	
0.266862	1.248148	0.000000	
0.272727	1.240636	0.000000	
0.278592	1.303993	0.000000	
0.284457	1.223331	0.000000	
0.290323	1.287009	0.000000	
0.296188	1.159356	0.000000	
0.302053	1.349937	0.000000	
0.307918	1.363979	0.000000	
0.313783	1.220067	0.000000	
0.319648	1.335196	0.000000	
0.325513	1.421108	0.000000	
0.331378	1.381066	0.000000	
0.337243	1.458262	0.000000	
0.343109	1.324853	0.000000	
0.348974	1.306058	0.000000	
0.354839	1.499131	0.000000	
0.360704	1.397653	0.000000	
0.366569	1.295320	0.000000	
0.372434	1.183557	0.000000	
0.378299	1.428431	0.000000	
0.384164	1.313100	0.000000	
0.390029	1.505446	1.000000	
0.395894	1.489150	1.000000	
0.401760	1.341490	1.000000	
0.407625	1.555146	1.000000	
0.413490	1.461278	1.000000	
0.419355	1.420430	1.000000	
0.425220	1.233187	1.000000	
0.431085	1.288268	1.000000	
0.436950	1.370648	1.000000	
0.442815	1.445013	1.000000	
0.448680	1.389641	1.000000	
0.454545	1.432439	1.000000	
0.460411	1.284741	1.000000	
0.466276	1.306837	1.000000	
0.472141	1.412142	1.000000	
0.478006	1.355976	1.000000	
0.483871	1.391294	1.000000	
0.489736	1.291088	1.000000	
0.495601	1.390298	1.000000	
0.501466	1.534560	1.000000	
0.507331	1.243500	1.000000	
0.513196	1.486192	1.000000	
0.519062	1.514680	1.000000	
0.524927	1.230167	1.000000	
0.530792	1.546451	1.000000	
0.536657	1.338851	1.000000	
0.542522	1.603045	1.000000	
0.548387	1.217841	1.000000	
0.554252	1.391205	1.000000	
0.560117	1.445902	1.000000	
0.565982	1.429008	1.000000	
0.571848	1.469781	1.000000	
0.577713	1.441538	1.000000	
0.583578	1.480521	1.000000	
0.589443	1.509338	1.000000	
0.595308	1.503151	1.000000	
0.601173	1.351781	1.000000	
0.607038	1.538732	1.000000	
0.612903	1.570582	1.000000	
0.618768	1.456234	1.000000	
0.624633	1.610381	1.000000	
0.630499	1.416034	1.000000	
0.636364	1.439172	1.000000	
0.642229	1.442581	1.000000	
0.648094	1.415260	1.000000	
0.653959	1.449512	1.000000	
0.659824	1.553706	1.000000	
0.665689	1.567754	1.000000	
0.671554	1.494297	1.000000	
0.677419	1.322594	1.000000	
0.683284	1.372077	1.000000	
0.689150	1.511272	1.000000	
0.695015	1.389372	1.000000	
0.700880	1.526009	1.000000	
0.706745	1.501881	1.000000	
0.712610	1.333156	1.000000	
0.718475	1.376483	1.000000	
0.724340	1.420381	1.000000	
0.730205	1.529371	1.000000	
0.736070	1.318066	1.000000	
0.741935	1.546793	1.000000	
0.747801	1.283747	1.000000	
0.753666	1.464305	1.000000	
0.759531	1.475358	1.000000	
0.765396	1.386933	1.000000	
0.771261	1.570250	1.000000	
0.777126	1.519004	1.000000	
0.782991	1.486523	1.000000	
0.788856	1.406353	1.000000	
0.794721	1.493969	1.000000	
0.800587	1.265249	1.000000	
0.806452	1.468760	1.000000	
0.812317	1.528964	1.000000	
0.818182	1.491277	1.000000	
0.824047	1.423824	1.000000	
0.829912	1.540848	1.000000	
0.835777	1.259055	1.000000	
0.841642	1.492810	1.000000	
0.847507	1.543127	1.000000	
0.853372	1.534106	1.000000	
0.859238	1.594096	1.000000	
0.865103	1.523747	1.000000	
0.870968	1.422945	1.000000	
0.876833	1.528748	1.000000	
0.882698	1.583260	1.000000	
0.888563	1.409771	1.000000	
0.894428	1.444068	1.000000	
0.900293	1.485422	1.000000	
0.906158	1.453054	1.000000	
0.912023	1.478289	1.000000	
0.917889	1.440599	1.000000	
0.923754	1.584027	1.000000	
0.929619	1.660301	1.000000	
0.935484	1.649504	1.000000	
0.941349	1.313362	1.000000	
0.947214	1.589714	1.000000	
0.953079	1.481927	1.000000	
0.958944	1.578985	1.000000	
0.964809	1.422914	1.000000	
0.970674	1.551029	1.000000	
0.976540	1.470909	1.000000	
0.982405	1.506138	1.000000	
0.988270	1.423037	1.000000	
0.994135	1.425303	1.000000	
1.000000	1.460530	1.000000	
1.005865	1.574294	1.000000	
1.011730	1.509342	1.000000	
1.017595	1.506301	1.000000	
1.023460	1.487269	1.000000	
1.029326	1.534665	1.000000	
1.035191	1.582649	1.000000	
1.041056	1.585145	1.000000	
1.046921	1.493782	1.000000	
1.052786	1.697664	1.000000	
1.058651	1.399679	1.000000	
1.064516	1.314980	1.000000	
1.070381	1.375897	1.000000	
1.076246	1.341783	1.000000	
1.082111	1.577951	1.000000	
1.087977	1.374266	1.000000	
1.093842	1.408440	1.000000	
1.099707	1.404056	1.000000	
1.105572	1.512796	1.000000	
1.111437	1.392273	1.000000	
1.117302	1.411807	1.000000	
1.123167	1.394088	1.000000	
1.129032	1.463734	1.000000	
1.134897	1.536039	1.000000	
1.140762	1.422070	1.000000	
1.146628	1.555577	1.000000	
1.152493	1.534104	1.000000	
1.158358	1.583448	1.000000	
1.164223	1.421916	1.000000	
1.170088	1.389216	1.000000	
1.175953	1.493767	1.000000	
1.181818	1.489957	1.000000	
1.187683	1.554133	1.000000	
1.193548	1.552736	1.000000	
1.199413	1.413830	1.000000	
1.205279	1.641720	1.000000	
1.211144	1.666821	1.000000	
1.217009	1.367329	1.000000	
1.222874	1.431512	1.000000	
1.228739	1.493777	1.000000	
1.234604	1.665001	1.000000	
1.240469	1.496688	1.000000	
1.246334	1.551162	1.000000	
1.252199	1.619295	1.000000	
1.258065	1.633775	1.000000	
1.263930	1.496850	1.000000	
1.269795	1.450205	1.000000	
1.275660	1.734639	1.000000	
1.281525	1.412571	1.000000	
1.287390	1.392373	1.000000	
1.293255	1.668693	1.000000	
1.299120	1.567671	1.000000	
1.304985	1.322840	1.000000	
1.310850	1.520244	1.000000	
1.316716	1.441334	1.000000	
1.322581	1.412778	1.000000	
1.328446	1.523359	1.000000	
1.334311	1.426579	1.000000	
1.340176	1.529414	1.000000	
1.346041	1.475258	1.000000	
1.351906	1.437437	1.000000	
1.357771	1.647598	1.000000	
1.363636	1.505207	1.000000	
1.369501	1.459337	1.000000	
1.375367	1.518191	1.000000	
1.381232	1.457114	1.000000	
1.387097	1.513777	1.000000	
1.392962	1.446775	1.000000	
1.398827	1.523478	1.000000	
1.404692	1.448759	1.000000	
1.410557	1.546174	1.000000	
1.416422	1.721780	1.000000	
1.422287	1.524283	1.000000	
1.428152	1.467072	1.000000	
1.434018	1.377630	1.000000	
1.439883	1.505248	1.000000	
1.445748	1.562575	1.000000	
1.451613	1.505793	1.000000	
1.457478	1.476836	1.000000	
1.463343	1.417587	1.000000	
1.469208	1.544060	1.000000	
1.475073	1.550061	1.000000	
1.480938	1.482729	1.000000	
1.486804	1.529624	1.000000	
1.492669	1.451689	1.000000	
1.498534	1.507153	1.000000	
1.504399	1.452144	1.000000	
1.510264	1.531220	1.000000	
1.516129	1.511903	1.000000	
1.521994	1.337979	1.000000	
1.527859	1.680882	1.000000	
1.533724	1.580373	1.000000	
1.539589	1.517999	1.000000	
1.545455	1.550890	1.000000	
1.551320	1.373017	1.000000	
1.557185	1.457036	1.000000	
1.563050	1.564892	1.000000	
1.568915	1.397656	1.000000	
1.574780	1.439066	1.000000	
1.580645	1.518834	1.000000	
1.586510	1.772685	1.000000	
1.592375	1.586559	1.000000	
1.598240	1.337056	1.000000	
1.604106	1.624458	1.000000	
1.609971	1.589861	1.000000	
1.615836	1.500654	1.000000	
1.621701	1.535967	1.000000	
1.627566	1.519578	1.000000	
1.633431	1.507692	1.000000	
1.639296	1.491889	1.000000	
1.645161	1.614199	1.000000	
1.651026	1.736500	1.000000	
1.656891	1.466190	1.000000	
1.662757	1.550975	1.000000	
1.668622	1.496307	1.000000	
1.674487	1.404109	1.000000	
1.680352	1.354203	1.000000	
1.686217	1.664275	1.000000	
1.692082	1.496912	1.000000	
1.697947	1.563395	1.000000	
1.703812	1.445229	1.000000	
1.709677	1.668812	1.000000	
1.715543	1.718099	1.000000	
1.721408	1.527977	1.000000	
1.727273	1.575213	1.000000	
1.733138	1.430682	1.000000	
1.739003	1.540717	1.000000	
1.744868	1.569063	1.000000	
1.750733	1.241672	1.000000	
1.756598	1.501894	1.000000	
1.762463	1.465072	1.000000	
1.768328	1.596006	1.000000	
1.774194	1.684319	1.000000	
1.780059	1.572297	1.000000	
1.785924	1.422968	1.000000	
1.791789	1.581400	1.000000	
1.797654	1.687275	1.000000	
1.803519	1.599519	1.000000	
1.809384	1.492914	1.000000	
1.815249	1.530362	1.000000	
1.821114	1.565247	1.000000	
1.826979	1.474150	1.000000	
1.832845	1.475263	1.000000	
1.838710	1.547294	1.000000	
1.844575	1.652599	1.000000	
1.850440	1.446648	1.000000	
1.856305	1.555240	1.000000	
1.862170	1.310610	1.000000	
1.868035	1.435055	1.000000	
1.873900	1.415557	1.000000	
1.879765	1.647205	1.000000	
1.885630	1.412005	1.000000	
1.891496	1.515180	1.000000	
1.897361	1.518467	1.000000	
1.903226	1.534125	1.000000	
1.909091	1.741296	1.000000	
1.914956	1.478619	1.000000	
1.920821	1.675331	1.000000	
1.926686	1.508240	1.000000	
1.932551	1.418550	1.000000	
1.938416	1.406109	1.000000	
1.944282	1.622504	1.000000	
1.950147	1.592386	1.000000	
1.956012	1.571558	1.000000	
1.961877	1.525918	1.000000	
1.967742	1.342969	1.000000	
1.973607	1.701487	1.000000	
1.979472	1.394225	1.000000	
1.985337	1.664081	1.000000	
1.991202	1.389971	1.000000	
1.997067	1.485054	1.000000	
2.002933	1.757431	1.000000	
2.008798	1.617196	1.000000	
2.014663	1.552388	1.000000	
2.020528	1.481621	1.000000	
2.026393	1.329556	1.000000	
2.032258	1.385710	1.000000	
2.038123	1.563422	1.000000	
2.043988	1.445872	1.000000	
2.049853	1.466632	1.000000	
2.055718	1.523119	1.000000	
2.061584	1.528570	1.000000	
2.067449	1.515100	1.000000	
2.073314	1.625863	1.000000	
2.079179	1.524585	1.000000	
2.085044	1.452777	1.000000	
2.090909	1.613891	1.000000	
2.096774	1.523044	1.000000	
2.102639	1.447093	1.000000	
2.108504	1.405068	1.000000	
2.114370	1.652888	1.000000	
2.120235	1.535891	1.000000	
2.126100	1.558766	1.000000	
2.131965	1.378592	1.000000	
2.137830	1.431149	1.000000	
2.143695	1.529050	1.000000	
2.149560	1.604812	1.000000	
2.155425	1.481078	1.000000	
2.161290	1.611028	1.000000	
2.167155	1.436620	1.000000	
2.173021	1.518042	1.000000	
2.178886	1.499510	1.000000	
2.184751	1.718352	1.000000	
2.190616	1.601548	1.000000	
2.196481	1.317519	1.000000	
2.202346	1.489047	1.000000	
2.208211	1.437429	1.000000	
2.214076	1.444988	1.000000	
2.219941	1.417199	0.000000	
2.225806	1.671792	0.000000	
2.231672	1.574795	0.000000	
2.237537	1.556561	0.000000	
2.243402	1.753220	0.000000	
2.249267	1.580536	0.000000	
2.255132	1.607227	0.000000	
2.260997	1.386012	0.000000	
2.266862	1.432821	0.000000	
2.272727	1.730625	0.000000	
2.278592	1.488835	0.000000	
2.284457	1.622017	0.000000	
2.290323	1.436196	0.000000	
2.296188	1.588496	0.000000	
2.302053	1.481518	0.000000	
2.307918	1.557258	0.000000	
2.313783	1.616508	0.000000	
2.319648	1.581782	0.000000	
2.325513	1.401465	0.000000	
2.331378	1.597188	0.000000	
2.337243	1.452704	0.000000	
2.343109	1.449786	0.000000	
2.348974	1.535830	0.000000	
2.354839	1.422505	0.000000	
2.360704	1.413469	0.000000	
2.366569	1.510559	0.000000	
2.372434	1.539779	0.000000	
2.378299	1.391120	0.000000	
2.384164	1.381654	0.000000	
2.390029	1.347422	0.000000	
2.395894	1.362585	0.000000	
2.401760	1.523555	0.000000	
2.407625	1.783901	1.000000	
2.413490	1.763197	0.000000	
2.419355	1.609583	0.000000	
2.425220	1.464050	0.000000	
2.431085	1.725994	0.000000	
2.436950	1.458203	0.000000	
2.442815	1.486743	0.000000	
2.448680	1.551382	0.000000	
2.454545	1.464460	1.000000	
2.460411	1.545837	1.000000	
2.466276	1.490863	1.000000	
2.472141	1.450584	1.000000	
2.478006	1.340418	1.000000	
2.483871	1.616604	1.000000	
2.489736	1.604640	1.000000	
2.495601	1.706397	1.000000	
2.501466	1.556026	1.000000	
2.507331	1.309976	1.000000	
2.513196	1.480941	1.000000	
2.519062	1.593587	1.000000	
2.524927	1.464651	1.000000	
2.530792	1.447381	1.000000	
2.536657	1.442050	1.000000	
2.542522	1.587363	1.000000	
2.548387	1.505435	1.000000	
2.554252	1.661112	1.000000	
2.560117	1.499462	1.000000	
2.565982	1.593138	1.000000	
2.571848	1.666525	1.000000	
2.577713	1.503717	1.000000	
2.583578	1.578913	1.000000	
2.589443	1.710298	1.000000	
2.595308	1.434619	1.000000	
2.601173	1.585281	1.000000	
2.607038	1.515134	1.000000	
2.612903	1.519934	1.000000	
2.618768	1.447256	1.000000	
2.624633	1.470213	1.000000	
2.630499	1.600907	1.000000	
2.636364	1.589377	1.000000	
2.642229	1.459231	1.000000	
2.648094	1.587500	1.000000	
2.653959	1.516316	1.000000	
2.659824	1.787575	1.000000	
2.665689	1.408459	1.000000	
2.671554	1.511696	1.000000	
2.677419	1.544836	1.000000	
2.683284	1.458235	1.000000	
2.689150	1.771106	1.000000	
2.695015	1.403693	1.000000	
2.700880	1.623873	1.000000	
2.706745	1.523691	1.000000	
2.712610	1.247066	1.000000	
2.718475	1.504334	1.000000	
2.724340	1.563447	1.000000	
2.730205	1.565642	1.000000	
2.736070	1.518850	1.000000	
2.741935	1.472644	1.000000	
2.747801	1.504354	1.000000	
2.753666	1.787819	1.000000	
2.759531	1.572137	1.000000	
2.765396	1.516115	1.000000	
2.771261	1.609383	1.000000	
2.777126	1.730756	1.000000	
2.782991	1.509711	1.000000	
2.788856	1.397706	1.000000	
2.794721	1.631769	1.000000	
2.800587	1.482484	1.000000	
2.806452	1.687948	1.000000	
2.812317	1.572574	1.000000	
2.818182	1.578002	1.000000	
2.824047	1.501629	1.000000	
2.829912	1.652655	1.000000	
2.835777	1.492184	1.000000	
2.841642	1.409934	1.000000	
2.847507	1.546428	1.000000	
2.853372	1.475874	1.000000	
2.859238	1.468556	1.000000	
2.865103	1.417799	1.000000	
2.870968	1.476669	1.000000	
2.876833	1.471887	1.000000	
2.882698	1.617949	1.000000	
2.888563	1.549102	1.000000	
2.894428	1.467702	1.000000	
2.900293	1.436632	1.000000	
2.906158	1.645159	1.000000	
2.912023	1.479278	1.000000	
2.917889	1.524641	1.000000	
2.923754	1.472920	1.000000	
2.929619	1.534567	1.000000	
2.935484	1.557247	1.000000	
2.941349	1.581526	1.000000	
2.947214	1.626528	1.000000	
2.953079	1.603576	1.000000	
2.958944	1.390417	1.000000	
2.964809	1.676341	1.000000	
2.970674	1.653685	1.000000	
2.976540	1.537965	1.000000	
2.982405	1.305971	1.000000	
2.988270	1.734835	1.000000	
2.994135	1.428424	1.000000	
3.000000	1.561121	1.000000	
