# Manifest for copy_and_combine_assessment_results.sh
#
# This file can fully drive copy+combine without editing the script.
#
# -----------------------------
# Optional config directives
# -----------------------------
REMOTE=raj030@setonix-dm03.pawsey.org.au
REMOTE_BASE_ROOT=/scratch/askaprt/raj030/tickets/axa-3649-component-models/assess_1934-2026
ODC_WEIGHT_ID=5231
LOCAL_BASE=/Users/raj030/DATA/reffield-average
AMP_STRATEGY=multiply
DO_PREFLAG_REFTABLE=true

# -----------------------------
# SB combinations
# Columns (space or comma-separated):
# idx sb_ref sb_1934 sb_holo sb_target_1934 odc_weight_id [amp_strategy] [do_preflag_reftable]
# -----------------------------
# ODC-3611 (legacy mapping)
# legacy SB_1934/SB_HOLO pair used for earliest reference-field runs
0 56572 55539 55219 56611 3611
1 56644 55539 55219 56673 3611
2 56647 55539 55219 56673 3611
3 56500 55539 55219 56463 3611
4 56721 55539 55219 56747 3611
5 56667 55539 55219 56673 3611
6 56669 55539 55219 56673 3611
7 56868 55539 55219 56815 3611
8 56374 55539 55219 56371 3611

# ODC-3616 (legacy mapping)
9 59068 55539 55219 59003 3616
10 59072 55539 55219 59003 3616

# ODC-3611 (legacy mapping)
11 56474 55539 55219 56463 3611
12 57235 55539 55219 57229 3611
13 57239 55539 55219 57229 3611

# ODC-5229
14 81082 77045 76554 81089 5229
15 81083 77045 76554 81089 5229
16 81084 77045 76554 81089 5229
17 81085 77045 76554 81089 5229
18 81086 77045 76554 81089 5229

# ODC-5231
19 81099 77045 76554 81107 5231
20 81100 77045 76554 81107 5231
21 81104 77045 76554 81107 5231
22 81105 77045 76554 81107 5231
23 81098 77045 76554 81107 5231

# ODC-5233
24 81138 77045 76554 81148 5233
25 81139 77045 76554 81148 5233
26 81140 77045 76554 81148 5233
27 81141 77045 76554 81148 5233
28 81142 77045 76554 81148 5233
29 81143 77045 76554 81148 5233

# ODC-5241
30 81178 77045 76554 81195 5241
31 81180 77045 76554 81195 5241
32 81181 77045 76554 81195 5241
33 81182 77045 76554 81195 5241
34 81183 77045 76554 81195 5241
35 81184 77045 76554 81195 5241
36 81185 77045 76554 81195 5241
37 81188 77045 76554 81195 5241
38 81189 77045 76554 81195 5241
39 81190 77045 76554 81195 5241
40 81191 77045 76554 81195 5241
41 81193 77045 76554 81195 5241
42 81179 77045 76554 81195 5241
43 81192 77045 76554 81195 5241
44 81202 77045 76554 81195 5241
45 81206 77045 76554 81195 5241
46 81207 77045 76554 81195 5241
47 81208 77045 76554 81195 5241
48 81209 77045 76554 81195 5241
49 81210 77045 76554 81195 5241

